Country or Area,Year,"Agriculture, hunting, forestry and fishing (% of gross value added)",Industry (% of gross value added),Services (% of gross value added)
Afghanistan,2017,21.41810904,30.11463028,48.46726068
Afghanistan,2016,21.58750411,30.06467983,48.34781606
Afghanistan,2015,20.30401543,30.71828355,48.97770102
Afghanistan,2014,22.35850066,29.5636229,48.07787644
Afghanistan,2013,23.06036231,28.57893265,48.36070504
Afghanistan,2012,23.46086304,30.08320941,46.45592755
Afghanistan,2011,24.64616639,31.66025555,43.69357805
Afghanistan,2010,25.57680301,30.17285457,44.25034242
Afghanistan,2009,28.47141478,31.00782568,40.52075955
Afghanistan,2008,24.26740366,37.25900646,38.47358987
Afghanistan,2007,29.47137253,36.62153121,33.90709626
Afghanistan,2006,29.12633561,36.90201236,33.97165203
Afghanistan,2005,30.36784553,36.20950231,33.42265216
Afghanistan,2004,29.27974123,35.99609354,34.72416523
Afghanistan,2003,36.22372514,32.1648935,31.61138135
Afghanistan,2002,37.32155639,33.15332445,29.52511916
Afghanistan,2001,44.63157844,38.01525404,17.35316751
Afghanistan,2000,48.78144145,34.28537558,16.93318297
Afghanistan,1999,52.47699674,29.42550949,18.09749378
Afghanistan,1998,55.71670058,25.05824017,19.22505925
Afghanistan,1997,58.45545031,21.21034868,20.33420101
Afghanistan,1996,60.67139095,17.88078251,21.44782653
Afghanistan,1995,62.35800249,15.05196193,22.59003558
Afghanistan,1994,67.82468021,18.39419206,13.78112773
Afghanistan,1993,57.56588475,22.33676679,20.09734846
Afghanistan,1992,49.55124922,24.91821844,25.53053233
Afghanistan,1991,41.44334803,36.17474757,22.3819044
Afghanistan,1990,29.7265808,36.5370575,33.73636169
Afghanistan,1989,58.72657914,28.82428905,12.44913181
Afghanistan,1988,52.45682051,31.07410348,16.46907601
Afghanistan,1987,38.94845983,37.67561335,23.37592682
Afghanistan,1986,41.58275754,36.96184518,21.45539728
Afghanistan,1985,42.08021887,38.32257045,19.59721068
Afghanistan,1984,40.87088085,37.6549733,21.47414585
Afghanistan,1983,41.51185975,37.64809112,20.84004913
Afghanistan,1982,41.48834093,37.87573665,20.63592242
Afghanistan,1981,41.29043076,37.72632578,20.98324345
Afghanistan,1980,41.43021402,37.75009855,20.81968742
Afghanistan,1979,41.40301896,37.78407561,20.81290543
Afghanistan,1978,41.37455968,37.75350326,20.87193706
Afghanistan,1977,41.40259723,37.76256064,20.83484213
Afghanistan,1976,41.39339276,37.76671362,20.83989362
Afghanistan,1975,41.39018371,37.76092639,20.84888989
Afghanistan,1974,41.39539119,37.76339912,20.84120969
Afghanistan,1973,41.39298851,37.76368125,20.84333024
Afghanistan,1972,41.39285442,37.76266952,20.84447606
Afghanistan,1971,41.39374494,37.7632498,20.84300526
Afghanistan,1970,41.39319674,37.76319776,20.8436055
Albania,2017,20.32071037,29.03312742,50.64616221
Albania,2016,21.31930712,28.69391964,49.98677324
Albania,2015,21.15538326,29.34249618,49.50212056
Albania,2014,21.58594237,28.97685768,49.43719994
Albania,2013,21.19891352,30.46933016,48.33175632
Albania,2012,20.5653721,30.17164417,49.26298373
Albania,2011,19.67707842,32.54505161,47.77786998
Albania,2010,19.43885562,32.89953055,47.66161383
Albania,2009,18.30990666,32.28332804,49.4067653
Albania,2008,18.36203551,32.89028702,48.74767747
Albania,2007,18.55840782,33.14615078,48.2954414
Albania,2006,19.36508217,33.03972455,47.59519328
Albania,2005,20.50461662,32.10576379,47.38961959
Albania,2004,22.33281436,31.36452471,46.30266094
Albania,2003,23.87133008,30.60707416,45.52159576
Albania,2002,23.68949203,29.22626421,47.08424376
Albania,2001,24.29705911,27.6325022,48.07043869
Albania,2000,26.49401766,25.62746204,47.87852031
Albania,1999,27.62564568,22.45627636,49.91807796
Albania,1998,31.0020272,21.61622193,47.38175087
Albania,1997,32.66979317,23.50341531,43.82679152
Albania,1996,36.99706839,22.58951536,40.41341626
Albania,1995,51.10553828,30.82425066,18.07021106
Albania,1994,51.17576214,30.89902616,17.9252117
Albania,1993,50.86314473,31.90341467,17.2334406
Albania,1992,49.81053196,34.06949115,16.11997689
Albania,1991,36.19410891,50.56664778,13.23924331
Albania,1990,33.30240724,55.79532533,10.90226743
Albania,1989,31.12406896,52.56370715,16.31222389
Albania,1988,29.98578413,54.3916016,15.62261427
Albania,1987,31.55751996,53.68638105,14.75609899
Albania,1986,32.56493706,51.99969538,15.43536756
Albania,1985,33.18082793,51.15195072,15.66722135
Albania,1984,31.76633939,51.98685355,16.24680706
Albania,1983,32.76187429,51.1868268,16.05129892
Albania,1982,30.55821834,51.98225829,17.45952337
Albania,1981,31.3003426,51.13174048,17.56791692
Albania,1980,32.05913769,52.84663246,15.09422985
Albania,1979,31.30848047,51.99042134,16.70109819
Albania,1978,31.55766291,51.99313252,16.44920457
Albania,1977,31.64278213,52.27807318,16.07914469
Albania,1976,31.5031228,52.08735968,16.40951751
Albania,1975,31.5678964,52.11961909,16.3124845
Albania,1974,31.57130416,52.16173924,16.2669566
Albania,1973,31.54744921,52.12291412,16.32963666
Albania,1972,31.56221761,52.13475995,16.30302244
Albania,1971,31.56032485,52.13980646,16.29986868
Albania,1970,31.55666429,52.13249395,16.31084176
Algeria,2017,12.18039735,41.30840922,46.51119343
Algeria,2016,12.12875074,38.88136458,48.98988468
Algeria,2015,11.55076703,40.04954336,48.39968961
Algeria,2014,10.24675538,46.03315728,43.72008734
Algeria,2013,9.849553244,47.95290174,42.19754502
Algeria,2012,8.706754947,51.08402113,40.20922392
Algeria,2011,7.962024739,52.31239824,39.72557702
Algeria,2010,8.269439322,53.39771952,38.33284116
Algeria,2009,9.099532454,51.2057983,39.69466924
Algeria,2008,6.438916812,60.92483367,32.63624951
Algeria,2007,7.382651412,60.21941546,32.39793313
Algeria,2006,7.424172332,62.10478141,30.47104625
Algeria,2005,7.657297376,61.51947714,30.82322549
Algeria,2004,9.398801662,57.16548641,33.43571193
Algeria,2003,9.755783228,55.99318309,34.25103368
Algeria,2002,9.237340097,54.64044896,36.12221094
Algeria,2001,9.582315024,54.90295206,35.51473291
Algeria,2000,8.318587837,59.28951621,32.39189596
Algeria,1999,10.91133298,51.28258761,37.80607942
Algeria,1998,11.29445911,49.03120924,39.67433165
Algeria,1997,8.678109618,54.41154501,36.91034538
Algeria,1996,10.53719945,52.67853079,36.78426976
Algeria,1995,9.503089898,52.32071054,38.17619956
Algeria,1994,9.327528638,51.5004362,39.17203516
Algeria,1993,10.40685248,50.09100846,39.50213906
Algeria,1992,11.17576887,52.60233892,36.22189221
Algeria,1991,9.785775816,57.39856663,32.81565756
Algeria,1990,10.68465575,53.78287664,35.53246761
Algeria,1989,11.62731704,49.88676813,38.48591484
Algeria,1988,10.23916811,49.8457201,39.91511179
Algeria,1987,9.316535192,51.18010439,39.50336042
Algeria,1986,9.867932426,64.78939277,25.34267481
Algeria,1985,7.490885075,55.00400013,37.50511479
Algeria,1984,6.277638166,56.71792743,37.00443441
Algeria,1983,6.535529228,55.68928963,37.77518115
Algeria,1982,7.171168245,56.13876241,36.69006934
Algeria,1981,7.876524993,56.59625249,35.52722252
Algeria,1980,7.377559626,57.66919288,34.9532475
Algeria,1979,7.733191887,55.0096229,37.25718521
Algeria,1978,8.048852222,50.01483042,41.93631736
Algeria,1977,7.880467125,53.38818294,38.73134993
Algeria,1976,9.211186651,53.64413294,37.14468041
Algeria,1975,10.31467069,50.48162491,39.2037044
Algeria,1974,7.780878702,57.37403235,34.84508895
Algeria,1973,9.101266408,46.78870669,44.1100269
Algeria,1972,10.6513369,41.85521447,47.49344863
Algeria,1971,11.78756972,36.55342833,51.65900195
Algeria,1970,11.52628889,40.08890198,48.38480913
Andorra,2017,0.534668283,14.45010298,85.01522874
Andorra,2016,0.544556759,14.4439426,85.01150065
Andorra,2015,0.516019435,14.29832713,85.18565344
Andorra,2014,0.532819649,14.05147046,85.41570989
Andorra,2013,0.618576364,14.43706083,84.94436281
Andorra,2012,0.654786717,15.39660622,83.94860706
Andorra,2011,0.565237067,16.94473143,82.4900315
Andorra,2010,0.521975757,17.92817679,81.54984745
Andorra,2009,0.454060993,18.62521742,80.92072159
Andorra,2008,0.461980177,19.88385589,79.65416393
Andorra,2007,0.420958867,19.90323693,79.67580421
Andorra,2006,0.400419699,20.4625589,79.1370214
Andorra,2005,0.427152571,20.31732484,79.25552259
Andorra,2004,0.464263681,20.37744726,79.15828906
Andorra,2003,0.467218023,20.01563992,79.51714206
Andorra,2002,0.431838257,19.48525805,80.0829037
Andorra,2001,0.487390052,19.03740465,80.4752053
Andorra,2000,0.520515441,18.93057736,80.5489072
Andorra,1999,0.27347478,21.06317133,78.66335389
Andorra,1998,0.401374129,20.79857279,78.80005308
Andorra,1997,0.420668384,21.90340873,77.67592289
Andorra,1996,0.491218753,21.72748617,77.78129508
Andorra,1995,0.508754243,22.27124549,77.22000027
Andorra,1994,0.41819546,21.54467475,78.03712979
Andorra,1993,0.448094798,21.64415361,77.90775159
Andorra,1992,0.457704089,21.81806834,77.72422757
Andorra,1991,0.464822867,21.80166474,77.73351239
Andorra,1990,0.459559082,21.81645722,77.7239837
Andorra,1989,0.449643035,21.7247872,77.82556976
Andorra,1988,0.455966657,21.76100537,77.78302797
Andorra,1987,0.457540899,21.78437376,77.75808534
Andorra,1986,0.457508587,21.77767336,77.76481805
Andorra,1985,0.456044288,21.77287101,77.7710847
Andorra,1984,0.455340082,21.76413911,77.78052081
Andorra,1983,0.456480121,21.77201317,77.77150671
Andorra,1982,0.456582968,21.77421318,77.76920385
Andorra,1981,0.456391453,21.77218243,77.77142611
Andorra,1980,0.456167755,21.77108407,77.77274817
Andorra,1979,0.456192356,21.77072589,77.77308176
Andorra,1978,0.456363114,21.77204344,77.77159345
Andorra,1977,0.456339685,21.77204918,77.77161113
Andorra,1976,0.456290734,21.77161724,77.77209203
Andorra,1975,0.45627097,21.77150314,77.77222589
Andorra,1974,0.456291596,21.7715885,77.7721199
Andorra,1973,0.45631018,21.77175948,77.77193034
Andorra,1972,0.456301551,21.77170397,77.77199448
Andorra,1971,0.456293724,21.77163292,77.77207336
Andorra,1970,0.456292329,21.7716402,77.77206747
Angola,2017,8.341298947,46.82005602,44.83864504
Angola,2016,9.245198254,46.57403097,44.18077077
Angola,2015,8.630430021,45.33458168,46.0349883
Angola,2014,7.142413472,48.55363647,44.30395006
Angola,2013,6.034886844,54.28744532,39.67766783
Angola,2012,5.654131568,57.45209184,36.8937766
Angola,2011,5.542995039,57.40449723,37.05250773
Angola,2010,5.861389278,54.41296272,39.725648
Angola,2009,6.27521348,47.29406824,46.43071828
Angola,2008,4.655489308,62.07711376,33.26739693
Angola,2007,4.897084553,62.77016166,32.33275379
Angola,2006,4.959356716,59.54380027,35.49684302
Angola,2005,4.814500397,61.18368877,34.00181084
Angola,2004,5.902053412,56.00202712,38.09591947
Angola,2003,5.931571486,54.65818637,39.41024214
Angola,2002,5.642908654,57.72601425,36.63107709
Angola,2001,8.021254304,67.61762211,24.36112358
Angola,2000,5.577154395,73.84762436,20.57522124
Angola,1999,6.170723346,74.50005714,19.32921952
Angola,1998,12.40601504,59.13533834,28.45864662
Angola,1997,8.83174958,63.83454444,27.33370598
Angola,1996,6.920374845,70.18636176,22.8932634
Angola,1995,7.092651758,68.67589634,24.2314519
Angola,1994,6.441012724,69.7029737,23.85601358
Angola,1993,11.2071138,55.142744,33.6501422
Angola,1992,14.28977273,51.61931818,34.09090909
Angola,1991,22.92555656,41.51256555,35.56187789
Angola,1990,17.14489424,43.82133717,39.03376859
Angola,1989,18.14389029,42.78740534,39.06870438
Angola,1988,14.8157828,44.32954302,40.85467418
Angola,1987,12.13589536,45.86959959,41.99450505
Angola,1986,13.05270791,40.84683748,46.10045462
Angola,1985,12.39379029,48.44779942,39.15841029
Angola,1984,14.09216042,44.45626109,41.45157849
Angola,1983,13.29819759,44.78328424,41.91851817
Angola,1982,12.99574124,44.87371535,42.13054342
Angola,1981,13.16404274,44.67878644,42.15717082
Angola,1980,13.18656231,45.45387047,41.35956722
Angola,1979,13.3465737,44.84958235,41.80384395
Angola,1978,13.19818782,44.92786073,41.87395146
Angola,1977,13.17822284,44.95672258,41.86505458
Angola,1976,13.21466369,44.97329879,41.81203752
Angola,1975,13.2248127,45.03234566,41.74284164
Angola,1974,13.23246791,44.94798407,41.81954802
Angola,1973,13.20967026,44.96764415,41.82268559
Angola,1972,13.21196617,44.9755988,41.81243503
Angola,1971,13.21871526,44.97937427,41.80191047
Angola,1970,13.21952588,44.98058985,41.79988427
Anguilla,2017,2.360491886,12.84791778,84.79159034
Anguilla,2016,2.974821115,15.26313936,81.76203953
Anguilla,2015,2.202906624,17.23098641,80.56610696
Anguilla,2014,2.181684159,16.88422743,80.93408841
Anguilla,2013,2.271347176,15.41298903,82.3156638
Anguilla,2012,2.483641723,14.98440589,82.53195239
Anguilla,2011,2.448036349,14.80021829,82.75174537
Anguilla,2010,1.956028112,17.98406538,80.05990651
Anguilla,2009,1.988923402,22.86892814,75.14214846
Anguilla,2008,2.067187861,31.25206586,66.68074628
Anguilla,2007,1.867354006,28.16980362,69.96284238
Anguilla,2006,2.22360862,24.53383519,73.24255619
Anguilla,2005,2.593232616,21.68384078,75.7229266
Anguilla,2004,2.287298923,18.64159048,79.0711106
Anguilla,2003,2.200435318,17.88983895,79.90972573
Anguilla,2002,2.299153455,18.35178302,79.34906353
Anguilla,2001,2.053190836,19.53054554,78.41626363
Anguilla,2000,2.201835841,19.89441645,77.90374771
Anguilla,1999,2.48005924,21.86038072,75.65956004
Anguilla,1998,3.158131355,18.25877254,78.5830961
Anguilla,1997,3.135699777,17.65345882,79.2108414
Anguilla,1996,3.272084391,17.56292743,79.16498818
Anguilla,1995,3.2617935,16.18744148,80.55076502
Anguilla,1994,3.643440738,16.02147689,80.33508237
Anguilla,1993,3.437270709,17.6009469,78.96178239
Anguilla,1992,4.241972653,20.0066623,75.75136504
Anguilla,1991,3.406974781,18.1338161,78.45920912
Anguilla,1990,4.576328335,19.47960472,75.94406694
Anguilla,1989,4.197930034,18.14361277,77.6584572
Anguilla,1988,4.051302769,19.07101527,76.87768196
Anguilla,1987,3.851177033,23.77361531,72.37520766
Anguilla,1986,4.639065099,22.9350846,72.4258503
Anguilla,1985,5.430954182,18.90172559,75.66732023
Anguilla,1984,5.896513263,19.7262069,74.37727984
Anguilla,1983,4.786480672,20.85287657,74.36064276
Anguilla,1982,4.93266218,21.20717262,73.8601652
Anguilla,1981,5.145068384,20.70311848,74.15181314
Anguilla,1980,5.242806335,20.27200109,74.48519257
Anguilla,1979,5.205078646,20.54677209,74.24814926
Anguilla,1978,5.063071256,20.71529859,74.22163015
Anguilla,1977,5.118074768,20.68794067,74.19398456
Anguilla,1976,5.154942673,20.58468525,74.26037207
Anguilla,1975,5.156911471,20.56107885,74.28200968
Anguilla,1974,5.139687876,20.61906547,74.24124665
Anguilla,1973,5.126568033,20.63356415,74.23986782
Anguilla,1972,5.139242428,20.61724521,74.24351237
Anguilla,1971,5.143476909,20.60311344,74.25340966
Anguilla,1970,5.141173071,20.6068166,74.25201033
Antigua and Barbuda,2017,1.913567135,23.42323075,74.66320212
Antigua and Barbuda,2016,1.695615382,22.1365034,76.16788122
Antigua and Barbuda,2015,1.732035106,20.56335155,77.70461334
Antigua and Barbuda,2014,1.769674349,20.24610635,77.9842193
Antigua and Barbuda,2013,2.181858975,19.92116336,77.89697766
Antigua and Barbuda,2012,2.088528359,17.96168337,79.94978827
Antigua and Barbuda,2011,2.11517242,18.3596396,79.52518798
Antigua and Barbuda,2010,1.790480205,20.11736189,78.09215791
Antigua and Barbuda,2009,1.634903051,23.54795778,74.81713917
Antigua and Barbuda,2008,1.730661869,23.1770818,75.09225633
Antigua and Barbuda,2007,1.812937848,21.94126185,76.2458003
Antigua and Barbuda,2006,1.832766344,22.48652402,75.68070964
Antigua and Barbuda,2005,1.938434145,18.00094441,80.06062144
Antigua and Barbuda,2004,1.794999281,16.6265345,81.57846622
Antigua and Barbuda,2003,1.914328198,16.52327614,81.56239566
Antigua and Barbuda,2002,1.88944009,16.22456148,81.88599843
Antigua and Barbuda,2001,1.751475175,15.87428204,82.37424279
Antigua and Barbuda,2000,1.70274449,16.5509823,81.74627321
Antigua and Barbuda,1999,1.832128796,16.70041145,81.46745975
Antigua and Barbuda,1998,1.843094332,15.84403528,82.31287039
Antigua and Barbuda,1997,1.91215699,15.74568816,82.34215485
Antigua and Barbuda,1996,1.811834035,15.55693496,82.631231
Antigua and Barbuda,1995,1.831171242,16.05878891,82.11003985
Antigua and Barbuda,1994,1.751615972,15.79443231,82.45395171
Antigua and Barbuda,1993,1.928757517,16.05912696,82.01211553
Antigua and Barbuda,1992,1.990091694,17.15723887,80.85266944
Antigua and Barbuda,1991,1.957914674,18.51376542,79.52831991
Antigua and Barbuda,1990,1.963277868,18.11267907,79.92404307
Antigua and Barbuda,1989,1.878965436,19.36936947,78.7516651
Antigua and Barbuda,1988,1.96280146,18.37846227,79.65873627
Antigua and Barbuda,1987,2.091737134,17.21489223,80.69337064
Antigua and Barbuda,1986,2.011665349,15.68919897,82.29913568
Antigua and Barbuda,1985,2.133987577,14.26406394,83.60194848
Antigua and Barbuda,1984,2.046592203,13.83523007,84.11817773
Antigua and Barbuda,1983,2.670993193,13.47860258,83.85040423
Antigua and Barbuda,1982,2.689422199,14.051197,83.2593808
Antigua and Barbuda,1981,2.969670556,16.61129169,80.41903776
Antigua and Barbuda,1980,3.108197763,16.55022983,80.34157241
Antigua and Barbuda,1979,3.621409113,14.8138555,81.56473539
Antigua and Barbuda,1978,4.552905906,13.64753636,81.79955773
Antigua and Barbuda,1977,4.915237422,14.07090399,81.01385859
Antigua and Barbuda,1976,5.527197364,13.53929652,80.93350612
Antigua and Barbuda,1975,4.733820133,19.31289734,75.95328253
Antigua and Barbuda,1974,4.232608335,19.70533695,76.06205472
Antigua and Barbuda,1973,4.021183375,21.69985377,74.27896285
Antigua and Barbuda,1972,4.330633807,20.23859019,75.43077601
Antigua and Barbuda,1971,4.194656837,20.55078453,75.25455864
Antigua and Barbuda,1970,4.182115734,20.83018042,74.98770384
Argentina,2017,5.768659499,35.68023968,58.55110082
Argentina,2016,6.482445202,36.51240571,57.00514909
Argentina,2015,5.245539517,37.97790247,56.77655801
Argentina,2014,6.800892414,39.56312833,53.63597925
Argentina,2013,6.114745919,39.41543077,54.46982331
Argentina,2012,5.8350927,40.01165606,54.15325124
Argentina,2011,7.007563251,41.11525467,51.87718208
Argentina,2010,7.151410924,41.2145398,51.63404928
Argentina,2009,5.302919216,41.09500969,53.6020711
Argentina,2008,7.290888992,42.64666165,50.06244936
Argentina,2007,7.34777046,43.83867974,48.8135498
Argentina,2006,6.748912283,45.81396054,47.43712718
Argentina,2005,7.678333594,45.42604647,46.89561993
Argentina,2004,8.039687817,45.91393061,46.04638158
Argentina,2003,8.473402569,45.1406718,46.38592563
Argentina,2002,8.35494971,41.75288295,49.89216734
Argentina,2001,3.860578042,34.92807408,61.21134787
Argentina,2000,3.974580367,36.03041474,59.9950049
Argentina,1999,3.774053641,36.30309959,59.92284677
Argentina,1998,4.448252698,37.38177616,58.16997114
Argentina,1997,4.415850383,38.08332445,57.50082516
Argentina,1996,4.752945876,37.13536268,58.11169145
Argentina,1995,4.527192978,36.58148306,58.89132396
Argentina,1994,4.429952208,35.57605342,59.99399437
Argentina,1993,4.46844787,36.15308482,59.37846731
Argentina,1992,4.640165402,40.22180981,55.13802479
Argentina,1991,5.201602544,42.76779805,52.03059941
Argentina,1990,6.045575797,46.3297008,47.6247234
Argentina,1989,6.996851977,52.7445799,40.25856813
Argentina,1988,6.723269135,49.16308039,44.11365048
Argentina,1987,6.069294646,48.36841853,45.56228682
Argentina,1986,5.835853562,47.89222487,46.27192157
Argentina,1985,5.76026002,51.35001995,42.88972003
Argentina,1984,6.176450495,50.61502679,43.20852271
Argentina,1983,6.320439401,51.88988,41.7896806
Argentina,1982,7.000611194,51.90428741,41.0951014
Argentina,1981,4.77630917,50.26524955,44.95844128
Argentina,1980,4.69114577,51.32015228,43.98870195
Argentina,1979,5.683975468,54.88313145,39.43289308
Argentina,1978,5.40592224,56.81717276,37.776905
Argentina,1977,5.742612347,58.83185881,35.42552885
Argentina,1976,5.669389642,61.45110055,32.87950981
Argentina,1975,4.554627682,60.07751569,35.36785663
Argentina,1974,7.282998174,54.99129391,37.72570791
Argentina,1973,8.556579572,54.7415281,36.70189233
Argentina,1972,7.896261477,57.84952995,34.25420857
Argentina,1971,7.661504035,57.54304585,34.79545012
Argentina,1970,6.493498104,57.33296296,36.17353893
Armenia,2017,14.67677458,34.90260086,50.42062457
Armenia,2016,16.04349038,35.10259602,48.8539136
Armenia,2015,17.1629365,34.79286586,48.04419764
Armenia,2014,17.99608951,34.79011773,47.21379277
Armenia,2013,18.32916067,36.18315666,45.48768267
Armenia,2012,17.75933586,36.93294913,45.30771501
Armenia,2011,18.79595606,37.97984353,43.22420041
Armenia,2010,16.17063208,40.81689111,43.01247681
Armenia,2009,16.12040887,39.2247987,44.65479244
Armenia,2008,15.76082401,46.31307614,37.92609985
Armenia,2007,17.41099382,47.12789821,35.46110798
Armenia,2006,17.45795592,48.76127415,33.78076992
Armenia,2005,17.42817262,50.7402208,31.83160658
Armenia,2004,20.58074352,47.16244114,32.25681534
Armenia,2003,19.43959831,48.85141923,31.70898246
Armenia,2002,21.30399182,46.26214053,32.43386765
Armenia,2001,22.95444133,44.10926883,32.93628984
Armenia,2000,20.44781926,46.66269331,32.88948744
Armenia,1999,23.51597758,43.30523381,33.17878861
Armenia,1998,27.46414197,41.18844967,31.34740836
Armenia,1997,25.45769832,42.80791948,31.7343822
Armenia,1996,29.48656258,41.68677999,28.82665743
Armenia,1995,33.74637768,40.0124163,26.24120603
Armenia,1994,35.44319196,45.33784105,19.21896699
Armenia,1993,41.34639526,42.83322732,15.82037743
Armenia,1992,22.71683199,57.04936545,20.23380256
Armenia,1991,17.99063187,63.94704139,18.06232674
Armenia,1990,12.97956546,65.27744124,21.7429933
Aruba,2017,0.454622376,18.88208799,80.66328963
Aruba,2016,0.454364082,18.87729434,80.66834158
Aruba,2015,0.454055826,18.89013088,80.65581329
Aruba,2014,0.45544735,18.87883996,80.66571269
Aruba,2013,0.453589906,18.86292627,80.68348382
Aruba,2012,0.453129905,18.92868721,80.61818289
Aruba,2011,0.459623086,18.8449581,80.69541882
Aruba,2010,0.448040667,18.81538344,80.73657589
Aruba,2009,0.45173944,19.12746599,80.42079457
Aruba,2008,0.388238867,22.9653191,76.64644203
Aruba,2007,0.40532143,24.33501586,75.25966271
Aruba,2006,0.390949693,23.7801838,75.82886651
Aruba,2005,0.385205069,22.54655656,77.06823837
Aruba,2004,0.390036831,21.60809039,78.00187278
Aruba,2003,0.397921267,20.57414671,79.02793202
Aruba,2002,0.397197843,18.89639655,80.70640561
Aruba,2001,0.398697271,19.49051882,80.11078391
Aruba,2000,0.405724402,19.54057244,80.05370316
Aruba,1999,0.381790345,19.07465907,80.54355059
Aruba,1998,0.401740877,20.25443589,79.34382323
Aruba,1997,0.439238653,19.69253294,79.8682284
Aruba,1996,0.489396411,17.57748777,81.93311582
Aruba,1995,0.509770603,17.79949023,81.69073917
Aruba,1994,0.530973451,17.61061947,81.85840708
Aruba,1993,0.509736431,17.66344433,81.82681924
Aruba,1992,0.516641545,17.69262528,81.79073317
Aruba,1991,0.518998288,17.65597066,81.82503105
Aruba,1990,0.515107807,17.67070432,81.81418787
Aruba,1989,0.51691145,17.67314193,81.80994662
Aruba,1988,0.517001708,17.66662416,81.81637414
Aruba,1987,0.51633937,17.67015804,81.81350259
Aruba,1986,0.516750723,17.66997575,81.81327353
Aruba,1985,0.516697137,17.66892023,81.81438263
Aruba,1984,0.516595646,17.6696849,81.81371945
Aruba,1983,0.516681088,17.66952677,81.81379214
Aruba,1982,0.516657921,17.66937722,81.81396486
Aruba,1981,0.516645029,17.66952956,81.81382541
Aruba,1980,0.516661396,17.66947781,81.81386079
Aruba,1979,0.516654664,17.66946163,81.81388371
Aruba,1978,0.516653685,17.66948955,81.81385677
Aruba,1977,0.516656532,17.66947652,81.81386695
Aruba,1976,0.516655018,17.66947589,81.8138691
Aruba,1975,0.516655205,17.66948071,81.81386409
Aruba,1974,0.516655463,17.66947779,81.81386675
Aruba,1973,0.516655104,17.66947829,81.8138666
Aruba,1972,0.516655334,17.66947892,81.81386574
Aruba,1971,0.516655241,17.66947851,81.81386624
Aruba,1970,0.516655366,17.66947821,81.81386643
Australia,2017,2.547437584,29.26952139,68.18304102
Australia,2016,2.807959036,29.22493728,67.96710368
Australia,2015,2.454444911,28.60381887,68.94173622
Australia,2014,2.382177025,29.97539808,67.6424249
Australia,2013,2.22349718,31.83624844,65.94025438
Australia,2012,2.274949016,31.54088283,66.18416815
Australia,2011,2.239682524,32.95076275,64.80955472
Australia,2010,2.262367962,33.44028701,64.29734502
Australia,2009,2.177662898,32.71354056,65.10879654
Australia,2008,2.25277265,34.72772115,63.0195062
Australia,2007,2.304379239,34.18466694,63.51095382
Australia,2006,2.171488002,34.36933893,63.45917307
Australia,2005,2.676268428,34.81041874,62.51331283
Australia,2004,2.824105421,34.17602649,62.99986809
Australia,2003,3.00002789,34.08170954,62.91826257
Australia,2002,2.830083678,34.22656913,62.9433472
Australia,2001,3.868099349,33.49923679,62.63266387
Australia,2000,3.424851253,33.91020084,62.6649479
Australia,1999,3.00988559,34.96383051,62.0262839
Australia,1998,2.944859286,35.27952282,61.77561789
Australia,1997,2.908064415,36.29710883,60.79482675
Australia,1996,3.112430754,36.10903562,60.77853362
Australia,1995,3.242976749,37.12290588,59.63411737
Australia,1994,2.871357889,37.89370049,59.23494162
Australia,1993,3.157321215,38.0016064,58.84107239
Australia,1992,3.086989786,37.83807708,59.07493314
Australia,1991,2.919185088,37.99444203,59.08637289
Australia,1990,3.035326611,38.63770569,58.3269677
Australia,1989,3.952769871,40.28923299,55.75799714
Australia,1988,4.216922457,39.9553386,55.82773894
Australia,1987,4.016801048,41.25368706,54.7295119
Australia,1986,3.802831456,42.71129856,53.48586999
Australia,1985,3.83556219,44.7920557,51.37238211
Australia,1984,4.25330552,44.93189315,50.81480133
Australia,1983,4.656353472,44.92682643,50.4168201
Australia,1982,3.389946266,45.23659429,51.37345945
Australia,1981,4.632946557,46.67273775,48.69431569
Australia,1980,4.952123383,47.04530267,48.00257394
Australia,1979,5.894351598,46.26922125,47.83642715
Australia,1978,5.817481609,46.07448928,48.10802911
Australia,1977,4.116560019,47.19935898,48.684081
Australia,1976,4.566557691,47.37121527,48.06222704
Australia,1975,4.66567671,47.74099151,47.59333178
Australia,1974,5.349476829,47.9354819,46.71504127
Australia,1973,7.326931312,48.06064304,44.61242565
Australia,1972,6.414830123,49.1346383,44.45053158
Australia,1971,5.346537916,50.4649506,44.18851148
Australia,1970,5.256305659,51.29414665,43.44954769
Austria,2017,1.135568103,39.60214091,59.26229099
Austria,2016,1.051109371,39.59079723,59.3580934
Austria,2015,1.067072381,39.54807364,59.38485398
Austria,2014,1.135139585,39.63415308,59.23070734
Austria,2013,1.188162045,39.79160148,59.02023648
Austria,2012,1.275955661,40.06082404,58.6632203
Austria,2011,1.326048405,39.76782487,58.90612673
Austria,2010,1.200404495,39.79490488,59.00469062
Austria,2009,1.087338649,39.9685054,58.94415595
Austria,2008,1.25739285,41.5729581,57.16964905
Austria,2007,1.318087021,42.55265404,56.12925893
Austria,2006,1.216916793,42.09827601,56.68480719
Austria,2005,1.184603574,41.84026029,56.97513614
Austria,2004,1.386295867,41.97946461,56.63423952
Austria,2003,1.396455435,42.07487127,56.52867329
Austria,2002,1.460900997,42.17393049,56.36516852
Austria,2001,1.551140456,43.21852635,55.23033319
Austria,2000,1.532998544,43.27327694,55.19372451
Austria,1999,1.6129714,43.38132468,55.00570392
Austria,1998,1.677690881,43.25557231,55.06673681
Austria,1997,1.782875059,43.48916696,54.72795799
Austria,1996,1.851952971,43.3304704,54.81757663
Austria,1995,2.001780366,43.36062202,54.63759761
Austria,1994,2.230898854,43.05548565,54.7136155
Austria,1993,2.072215617,43.01898999,54.90879439
Austria,1992,2.285777351,44.25169155,53.4625311
Austria,1991,2.60346606,45.07869082,52.31784312
Austria,1990,2.857318746,45.337058,51.80562325
Austria,1989,2.793338903,45.15935337,52.04730773
Austria,1988,2.826742686,45.45770122,51.71555609
Austria,1987,2.961091066,45.52914428,51.50976466
Austria,1986,2.972057745,46.29705518,50.73088707
Austria,1985,2.896805465,46.62802994,50.47516459
Austria,1984,3.328237093,46.27611019,50.39565271
Austria,1983,3.135763899,47.19641773,49.66781837
Austria,1982,3.343501399,47.59651803,49.05998057
Austria,1981,3.621493634,48.65854271,47.71996366
Austria,1980,3.928096296,49.15613143,46.91577227
Austria,1979,3.887493382,49.19045408,46.92205254
Austria,1978,3.982460967,50.36539063,45.6521484
Austria,1977,3.999872316,50.09103375,45.90909394
Austria,1976,4.598367946,50.65572697,44.74590508
Austria,1975,4.538216276,54.63931182,40.8224719
Austria,1974,4.769580938,57.14740127,38.08301779
Austria,1973,5.184918235,57.21289419,37.60218757
Austria,1972,4.923786746,57.16181391,37.91439934
Austria,1971,4.981514451,56.8784485,38.14003705
Austria,1970,5.675609495,56.64020151,37.684189
Azerbaijan,2017,5.746910671,55.42095215,38.83213718
Azerbaijan,2016,5.75366017,53.88033991,40.36599992
Azerbaijan,2015,6.387606981,51.57869517,42.03369784
Azerbaijan,2014,5.439055789,59.6050655,34.95587871
Azerbaijan,2013,5.468583059,62.43839043,32.09302651
Azerbaijan,2012,5.222518993,64.77987538,29.99760563
Azerbaijan,2011,5.153712867,66.71467859,28.13160854
Azerbaijan,2010,5.625359873,65.74730439,28.62733574
Azerbaijan,2009,6.169379834,62.26671988,31.56390028
Azerbaijan,2008,5.601483041,70.60974999,23.78876697
Azerbaijan,2007,6.576885163,71.5447241,21.87839074
Azerbaijan,2006,6.997825849,69.80137819,23.20079596
Azerbaijan,2005,9.192754937,65.59799052,25.20925455
Azerbaijan,2004,10.78956153,57.98597921,31.22445926
Azerbaijan,2003,12.23882243,56.31650036,31.44467722
Azerbaijan,2002,13.95532975,53.58780641,32.45686384
Azerbaijan,2001,14.99230141,50.16822856,34.83947003
Azerbaijan,2000,16.13329762,47.97345272,35.89324966
Azerbaijan,1999,17.9347349,44.0041107,38.0611544
Azerbaijan,1998,17.31717463,41.2950997,41.38772567
Azerbaijan,1997,19.85581668,44.77304247,35.37114084
Azerbaijan,1996,24.61512923,44.94525561,30.43961517
Azerbaijan,1995,23.9450963,40.1833075,35.87159619
Azerbaijan,1994,28.18504374,34.86993299,36.94502326
Azerbaijan,1993,22.94325321,41.8821613,35.17458549
Azerbaijan,1992,22.94593583,50.41288888,26.6411753
Azerbaijan,1991,27.99737861,41.65255729,30.3500641
Azerbaijan,1990,24.86879125,43.7393789,31.39182985
Bahamas,2017,0.914013356,15.59999707,83.48598958
Bahamas,2016,0.944900959,15.42418191,83.63091713
Bahamas,2015,0.909156119,13.49031683,85.60052705
Bahamas,2014,0.889151912,17.78910417,81.32174392
Bahamas,2013,0.967376211,15.76650576,83.26611803
Bahamas,2012,1.141142186,17.00060553,81.85825228
Bahamas,2011,1.156321441,14.9769426,83.86673596
Bahamas,2010,1.159274496,14.37519526,84.46553025
Bahamas,2009,1.04041371,12.93873855,86.02084774
Bahamas,2008,1.147553083,13.33057275,85.52187417
Bahamas,2007,1.176149469,12.39935644,86.42449409
Bahamas,2006,1.25028388,15.38688519,83.36283093
Bahamas,2005,1.107766103,13.96218057,84.93005333
Bahamas,2004,1.185171888,13.87069642,84.94413169
Bahamas,2003,1.412577334,14.31430562,84.27311704
Bahamas,2002,1.610308842,14.25191959,84.13777157
Bahamas,2001,1.334442298,12.70951523,85.95604248
Bahamas,2000,1.453277984,16.316929,82.22979302
Bahamas,1999,1.362566923,15.53943208,83.098001
Bahamas,1998,1.484413394,15.68055029,82.83503632
Bahamas,1997,1.72522385,14.85738706,83.41738909
Bahamas,1996,1.743288612,13.56564881,84.69106257
Bahamas,1995,1.931020838,12.14051888,85.92846028
Bahamas,1994,1.822164093,12.95044871,85.2273872
Bahamas,1993,1.670250982,11.71730509,86.61244393
Bahamas,1992,1.870884494,13.86024123,84.26887427
Bahamas,1991,2.017799498,14.27874952,83.70345099
Bahamas,1990,1.547881431,12.43519938,86.01691919
Bahamas,1989,1.40743844,13.44683039,85.14573117
Bahamas,1988,1.701508245,13.13465578,85.16383598
Bahamas,1987,2.022448999,17.06328064,80.91427036
Bahamas,1986,2.022448261,16.54240779,81.43514395
Bahamas,1985,2.126480659,16.3840904,81.48942895
Bahamas,1984,2.265675462,16.30040611,81.43391843
Bahamas,1983,2.138179513,16.40898941,81.45283108
Bahamas,1982,2.176769664,16.36450153,81.45872881
Bahamas,1981,2.193535196,16.35797096,81.44849385
Bahamas,1980,2.169493597,16.377155,81.4533514
Bahamas,1979,2.17993261,16.36654263,81.45352476
Bahamas,1978,2.171557437,16.37504813,81.45339443
Bahamas,1977,2.178257789,16.36823474,81.45350747
Bahamas,1976,2.178558233,16.36898847,81.4524533
Bahamas,1975,2.175559032,16.37119469,81.45324628
Bahamas,1974,2.17676942,16.37000534,81.45322524
Bahamas,1973,2.176139063,16.37069532,81.45316562
Bahamas,1972,2.177057012,16.36982326,81.45311973
Bahamas,1971,2.176816559,16.37014134,81.4530421
Bahamas,1970,2.176468302,16.37037182,81.45315988
Bahrain,2017,0.248205011,51.03053544,48.72125955
Bahrain,2016,0.283417453,48.94060457,50.77597798
Bahrain,2015,0.27099687,49.51580932,50.21319381
Bahrain,2014,0.262541892,53.79715357,45.94030454
Bahrain,2013,0.241314577,55.11447727,44.64420815
Bahrain,2012,0.242154513,54.80527264,44.95257285
Bahrain,2011,0.254712322,56.53831337,43.20697431
Bahrain,2010,0.262392157,52.41503696,47.32257088
Bahrain,2009,0.298443392,50.50778166,49.19377495
Bahrain,2008,0.23214519,57.42160445,42.34625036
Bahrain,2007,0.257569878,53.20849723,46.53393289
Bahrain,2006,0.239354124,52.13767634,47.62296953
Bahrain,2005,0.288850754,49.35338493,50.35776432
Bahrain,2004,0.352007423,46.16608049,53.48191209
Bahrain,2003,0.475785809,46.36832464,53.15588955
Bahrain,2002,0.517042229,45.88813656,53.59482121
Bahrain,2001,0.573232429,45.87550251,53.55126506
Bahrain,2000,0.584306582,46.92865669,52.48703673
Bahrain,1999,0.679823583,39.71633662,59.6038398
Bahrain,1998,0.715578226,37.49051735,61.79390443
Bahrain,1997,0.65724909,43.52613202,55.81661889
Bahrain,1996,0.714295444,43.35126827,55.93443629
Bahrain,1995,0.646686351,44.85368633,54.49962732
Bahrain,1994,0.645624592,42.12992648,57.22444893
Bahrain,1993,0.722116559,40.24198404,59.0358994
Bahrain,1992,0.716267087,39.33991058,59.94382233
Bahrain,1991,0.670988904,42.1385614,57.1904497
Bahrain,1990,0.672071305,44.09321571,55.23471299
Bahrain,1989,0.796632434,40.28262148,58.92074608
Bahrain,1988,0.797749346,39.17905806,60.02319259
Bahrain,1987,0.944861885,41.37532293,57.67981518
Bahrain,1986,0.944015091,38.9684458,60.08753911
Bahrain,1985,0.799377688,42.45702848,56.74359383
Bahrain,1984,0.738977384,42.34651954,56.91450307
Bahrain,1983,0.763972701,41.43185329,57.80417401
Bahrain,1982,0.694236602,44.58509893,54.72066447
Bahrain,1981,0.695591613,51.43221999,47.8721884
Bahrain,1980,0.711580517,55.25738571,44.03103377
Bahrain,1979,0.831627133,53.03419778,46.13417509
Bahrain,1978,0.834954035,49.47308616,49.6919598
Bahrain,1977,0.860258525,52.46690367,46.6728378
Bahrain,1976,0.734265157,54.12498511,45.14074974
Bahrain,1975,0.858828947,57.00543413,42.13573693
Bahrain,1974,0.817266714,54.49301884,44.68971445
Bahrain,1973,0.802589836,55.18471392,44.01269624
Bahrain,1972,0.825938826,55.54686143,43.62719974
Bahrain,1971,0.815246875,55.07270749,44.11204563
Bahrain,1970,0.814568257,55.26751578,43.91791596
Bangladesh,2017,11.98259732,40.24571113,47.77169155
Bangladesh,2016,12.53025156,39.58874615,47.8810023
Bangladesh,2015,13.02995597,38.44738603,48.522658
Bangladesh,2014,13.71768916,38.35521505,47.92709579
Bangladesh,2013,13.87881126,38.29447416,47.82671458
Bangladesh,2012,14.63327741,37.2889591,48.07776348
Bangladesh,2011,15.15808009,37.00887692,47.83304299
Bangladesh,2010,15.23715235,36.81550472,47.94734293
Bangladesh,2009,15.24426169,37.23206703,47.52367129
Bangladesh,2008,15.79801234,36.6777346,47.52425306
Bangladesh,2007,16.02385403,36.38654197,47.589604
Bangladesh,2006,16.36755192,35.76178953,47.87065854
Bangladesh,2005,17.28420266,37.54959111,45.16620623
Bangladesh,2004,18.11436966,36.79835036,45.08727998
Bangladesh,2003,18.78451146,36.32559752,44.88989102
Bangladesh,2002,19.61824911,36.48681754,43.89493335
Bangladesh,2001,20.84401063,35.93820503,43.21778434
Bangladesh,2000,22.14211277,35.15941148,42.69847575
Bangladesh,1999,22.67046936,35.18335228,42.14617836
Bangladesh,1998,21.89311394,36.17971525,41.92717081
Bangladesh,1997,22.29998593,35.25285763,42.44715644
Bangladesh,1996,22.24342287,34.91567587,42.84090126
Bangladesh,1995,22.87630111,34.59033477,42.53336412
Bangladesh,1994,22.22906044,34.36404557,43.40689399
Bangladesh,1993,22.84622515,33.69796044,43.4558144
Bangladesh,1992,25.79731824,31.94221167,42.26047009
Bangladesh,1991,27.19938514,30.70149816,42.09911671
Bangladesh,1990,27.74780334,30.63800489,41.61419177
Bangladesh,1989,28.4156377,29.52215164,42.06221066
Bangladesh,1988,29.62234677,29.18567597,41.19197726
Bangladesh,1987,30.96639869,29.59198763,39.44161368
Bangladesh,1986,30.39137772,30.8161538,38.79246848
Bangladesh,1985,31.03061913,31.76763609,37.20174478
Bangladesh,1984,30.55265322,32.89771515,36.54963163
Bangladesh,1983,29.09164858,34.06094623,36.84740519
Bangladesh,1982,29.48751044,34.0599647,36.45252486
Bangladesh,1981,29.99373181,33.87562927,36.13063893
Bangladesh,1980,29.80325527,33.73227501,36.46446972
Bangladesh,1979,33.38250231,31.90712393,34.71037376
Bangladesh,1978,35.24582023,31.17564873,33.57853104
Bangladesh,1977,33.95028548,32.68384401,33.36587051
Bangladesh,1976,37.68567615,28.96034221,33.35398164
Bangladesh,1975,46.88557103,23.60526539,29.50916358
Bangladesh,1974,38.78360582,27.94224313,33.27415105
Bangladesh,1973,38.7125326,26.62884831,34.6586191
Bangladesh,1972,44.3983386,14.1173174,41.484344
Bangladesh,1971,35.71298841,17.40642622,46.88058537
Bangladesh,1970,38.54646168,19.37229567,42.08124265
Barbados,2017,1.45386494,20.3977631,78.14837196
Barbados,2016,1.473610541,20.42808237,78.09830709
Barbados,2015,1.409481133,20.09282228,78.49769659
Barbados,2014,1.478708687,20.67402146,77.84726985
Barbados,2013,1.532950959,20.51919932,77.94784972
Barbados,2012,1.422114047,20.55980529,78.01808067
Barbados,2011,1.320872562,21.20104559,77.47808184
Barbados,2010,1.383496859,20.54539893,78.07110421
Barbados,2009,1.449192084,22.62969177,75.92111614
Barbados,2008,1.247850434,22.14273116,76.6094184
Barbados,2007,1.398042284,21.91522655,76.68673116
Barbados,2006,1.587178292,20.70322614,77.70959557
Barbados,2005,1.661662485,23.00004113,75.33829638
Barbados,2004,1.687839208,23.47915548,74.83300531
Barbados,2003,2.028916048,24.40131001,73.56977394
Barbados,2002,1.937293729,22.50990099,75.55280528
Barbados,2001,2.204053824,23.39635497,74.39959121
Barbados,2000,2.071914612,23.93307427,73.99501111
Barbados,1999,2.435595544,23.91663445,73.64777001
Barbados,1998,2.078696124,24.50286051,73.41844337
Barbados,1997,2.709737299,24.34122917,72.94903353
Barbados,1996,3.368613449,23.0489671,73.58241945
Barbados,1995,3.258265453,23.33264882,73.40908572
Barbados,1994,2.52607406,23.01454406,74.45938188
Barbados,1993,3.325368379,23.74054162,72.93409
Barbados,1992,3.470430385,24.30075343,72.22881618
Barbados,1991,3.417743073,26.87489358,69.70736335
Barbados,1990,3.326095774,28.11672353,68.55718069
Barbados,1989,3.291748206,28.36422119,68.34403061
Barbados,1988,4.103643653,30.28493325,65.61142309
Barbados,1987,4.394378177,29.97782389,65.62779794
Barbados,1986,3.971958845,31.61659613,64.41144503
Barbados,1985,3.910330694,32.86908379,63.22058552
Barbados,1984,4.017782671,37.50428503,58.4779323
Barbados,1983,4.249578542,37.04625704,58.70416442
Barbados,1982,4.122867567,34.72167018,61.15546226
Barbados,1981,4.626696526,35.24210727,60.1311962
Barbados,1980,6.065617581,36.74065751,57.19372491
Barbados,1979,5.668824736,35.02832349,59.30285178
Barbados,1978,5.731553861,35.24053618,59.02790996
Barbados,1977,6.320849896,34.57556556,59.10358454
Barbados,1976,5.983545638,32.87200049,61.14445387
Barbados,1975,8.291485992,31.6825723,60.0259417
Barbados,1974,6.627045188,31.87359142,61.4993634
Barbados,1973,6.513411383,29.75490997,63.73167865
Barbados,1972,6.210735371,30.34028862,63.44897601
Barbados,1971,5.940319714,30.16786365,63.89181664
Barbados,1970,7.005000538,29.7757182,63.21928127
Belarus,2017,7.125100195,49.83364691,43.04125289
Belarus,2016,6.472733638,47.97816991,45.54909645
Belarus,2015,5.852383581,49.67944721,44.46816921
